data = [
('RuBP', (124, 6), (98.6, 1.1), (118, 11)),
('PGA', (153, 7), (198, 11), (168, 15)),
('BPGA',)
('GAP', (45.2, 2.2), (47.3, 5.7), (47.5, 2.5))
('DHAP', (40.6, 1.7), (51.7, 6.7), (57.3, 4.2))
('FBP', (16.7, 1.7), (23.4, 1.8), (32.1, 2.4))
('F6P', (87.5, 3.9), (133, 7), (128, 8))
('G6P', (189, 8), (239, 16), (272, 15))
('G1P', (11.9, 0.1), (11.0, 0.7), (11.4, 1.2))
('X5P+Ru5P', (30.3, 7), (33.3, 6.1), (39.1, 1.6))
('R5P', (3.40, 0.40), (3.53, 0.75), (3.28, 0.83))
('E4P',)
('SBP', (29.4, 3.2), (32.6, 2.1), (27.9, 2.4))
('S7P', (57.7, 2.9), (79.9, 5), (87.5, 4.3))
('ATP', (108, 9), (117, 5), (101, 4))
('ADP', (29.2, 3.2), (25.0, 1.5), (24.3, 1.9))
('P',)
('NADP', (5.45, 0.90), (4.65, 0.59), (3.16, 0.35))
('NADPH',)
('H',)
('Pe',)
]
